--- 总体统计 ---
融合后 (now) 总计:
Top-1: 31
Top-3: 81
Top-5: 105
MFR: 173.97128

基线 (before) 总计:
Top-1: 41
Top-3: 87
Top-5: 109
MFR: 396.59791
