--- 总体统计 ---
融合后 (now) 总计:
Top-1: 34
Top-3: 73
Top-5: 89
MFR: 188.16449

基线 (before) 总计:
Top-1: 41
Top-3: 87
Top-5: 109
MFR: 396.59791
