--- 总体统计 ---
融合后 (now) 总计:
Top-1: 30
Top-3: 74
Top-5: 101
MFR: 177.16449

基线 (before) 总计:
Top-1: 41
Top-3: 87
Top-5: 109
MFR: 396.59791
