--- 总体统计 ---
融合后 (now) 总计:
Top-1: 65
Top-3: 107
Top-5: 136
MFR: 70.08616

基线 (before) 总计:
Top-1: 94
Top-3: 145
Top-5: 175
MFR: 75.38642
