--- 总体统计 ---
融合后 (now) 总计:
Top-1: 65
Top-3: 131
Top-5: 162
MFR: 59.10444

基线 (before) 总计:
Top-1: 94
Top-3: 145
Top-5: 175
MFR: 75.38642
