--- 总体统计 ---
融合后 (now) 总计:
Top-1: 62
Top-3: 133
Top-5: 163
MFR: 55.75979

基线 (before) 总计:
Top-1: 94
Top-3: 145
Top-5: 175
MFR: 75.38642
