--- 总体统计 ---
融合后 (now) 总计:
Top-1: 69
Top-3: 135
Top-5: 161
MFR: 70.69191

基线 (before) 总计:
Top-1: 94
Top-3: 145
Top-5: 175
MFR: 75.38642
