--- 总体统计 ---
融合后 (now) 总计:
Top-1: 19
Top-3: 49
Top-5: 68
MFR: 331.46094

基线 (before) 总计:
Top-1: 52
Top-3: 87
Top-5: 117
MFR: 388.27083
