--- 总体统计 ---
融合后 (now) 总计:
Top-1: 20
Top-3: 54
Top-5: 79
MFR: 308.81250

基线 (before) 总计:
Top-1: 52
Top-3: 87
Top-5: 117
MFR: 388.27083
