--- 总体统计 ---
融合后 (now) 总计:
Top-1: 51
Top-3: 106
Top-5: 129
MFR: 144.70496

基线 (before) 总计:
Top-1: 44
Top-3: 95
Top-5: 126
MFR: 225.69452
