--- 总体统计 ---
融合后 (now) 总计:
Top-1: 64
Top-3: 121
Top-5: 143
MFR: 153.66057

基线 (before) 总计:
Top-1: 44
Top-3: 95
Top-5: 126
MFR: 225.69452
