--- 总体统计 ---
融合后 (now) 总计:
Top-1: 43
Top-3: 102
Top-5: 131
MFR: 108.57180

基线 (before) 总计:
Top-1: 44
Top-3: 95
Top-5: 126
MFR: 225.69452
