--- 总体统计 ---
融合后 (now) 总计:
Top-1: 59
Top-3: 101
Top-5: 126
MFR: 105.92950

基线 (before) 总计:
Top-1: 44
Top-3: 95
Top-5: 126
MFR: 225.69452
