--- 总体统计 ---
融合后 (now) 总计:
Top-1: 51
Top-3: 108
Top-5: 135
MFR: 226.23760

基线 (before) 总计:
Top-1: 45
Top-3: 95
Top-5: 121
MFR: 226.06789
