--- 总体统计 ---
融合后 (now) 总计:
Top-1: 61
Top-3: 118
Top-5: 138
MFR: 124.91645

基线 (before) 总计:
Top-1: 45
Top-3: 95
Top-5: 121
MFR: 226.06789
