--- 总体统计 ---
融合后 (now) 总计:
Top-1: 54
Top-3: 111
Top-5: 141
MFR: 189.84334

基线 (before) 总计:
Top-1: 45
Top-3: 95
Top-5: 121
MFR: 226.06789
