--- 总体统计 ---
融合后 (now) 总计:
Top-1: 26
Top-3: 51
Top-5: 72
MFR: 259.18016

基线 (before) 总计:
Top-1: 1
Top-3: 11
Top-5: 21
MFR: 649.24543
