--- 总体统计 ---
融合后 (now) 总计:
Top-1: 25
Top-3: 53
Top-5: 74
MFR: 256.68668

基线 (before) 总计:
Top-1: 1
Top-3: 11
Top-5: 21
MFR: 649.24543
