--- 总体统计 ---
融合后 (now) 总计:
Top-1: 44
Top-3: 96
Top-5: 130
MFR: 115.54047

基线 (before) 总计:
Top-1: 45
Top-3: 88
Top-5: 114
MFR: 1790.67624
