--- 总体统计 ---
融合后 (now) 总计:
Top-1: 49
Top-3: 92
Top-5: 117
MFR: 125.80679

基线 (before) 总计:
Top-1: 45
Top-3: 88
Top-5: 114
MFR: 1790.67624
