--- 总体统计 ---
融合后 (now) 总计:
Top-1: 49
Top-3: 98
Top-5: 128
MFR: 116.96606

基线 (before) 总计:
Top-1: 45
Top-3: 88
Top-5: 114
MFR: 1790.67624
