--- 总体统计 ---
融合后 (now) 总计:
Top-1: 26
Top-3: 73
Top-5: 94
MFR: 183.03385

基线 (before) 总计:
Top-1: 52
Top-3: 87
Top-5: 117
MFR: 388.27083
