--- 总体统计 ---
融合后 (now) 总计:
Top-1: 26
Top-3: 71
Top-5: 88
MFR: 192.25000

基线 (before) 总计:
Top-1: 52
Top-3: 87
Top-5: 117
MFR: 388.27083
