--- 总体统计 ---
融合后 (now) 总计:
Top-1: 25
Top-3: 62
Top-5: 80
MFR: 215.40885

基线 (before) 总计:
Top-1: 52
Top-3: 87
Top-5: 117
MFR: 388.27083
