--- 总体统计 ---
融合后 (now) 总计:
Top-1: 65
Top-3: 105
Top-5: 136
MFR: 74.73107

基线 (before) 总计:
Top-1: 82
Top-3: 142
Top-5: 169
MFR: 82.22715
