--- 总体统计 ---
融合后 (now) 总计:
Top-1: 61
Top-3: 126
Top-5: 165
MFR: 64.59008

基线 (before) 总计:
Top-1: 82
Top-3: 142
Top-5: 169
MFR: 82.22715
