--- 总体统计 ---
融合后 (now) 总计:
Top-1: 59
Top-3: 127
Top-5: 167
MFR: 61.80157

基线 (before) 总计:
Top-1: 82
Top-3: 142
Top-5: 169
MFR: 82.22715
