--- 总体统计 ---
融合后 (now) 总计:
Top-1: 68
Top-3: 108
Top-5: 137
MFR: 110.56919

基线 (before) 总计:
Top-1: 46
Top-3: 92
Top-5: 124
MFR: 212.20627
