--- 总体统计 ---
融合后 (now) 总计:
Top-1: 51
Top-3: 104
Top-5: 132
MFR: 128.09399

基线 (before) 总计:
Top-1: 46
Top-3: 92
Top-5: 124
MFR: 212.20627
