--- 总体统计 ---
融合后 (now) 总计:
Top-1: 55
Top-3: 107
Top-5: 139
MFR: 114.40209

基线 (before) 总计:
Top-1: 46
Top-3: 92
Top-5: 124
MFR: 212.20627
