--- 总体统计 ---
融合后 (now) 总计:
Top-1: 37
Top-3: 93
Top-5: 108
MFR: 121.56658

基线 (before) 总计:
Top-1: 45
Top-3: 94
Top-5: 124
MFR: 211.88251
