--- 总体统计 ---
融合后 (now) 总计:
Top-1: 36
Top-3: 76
Top-5: 92
MFR: 142.28721

基线 (before) 总计:
Top-1: 45
Top-3: 94
Top-5: 124
MFR: 211.88251
