--- 总体统计 ---
融合后 (now) 总计:
Top-1: 37
Top-3: 78
Top-5: 103
MFR: 126.36815

基线 (before) 总计:
Top-1: 45
Top-3: 94
Top-5: 124
MFR: 211.88251
