--- 总体统计 ---
融合后 (now) 总计:
Top-1: 38
Top-3: 86
Top-5: 109
MFR: 138.46736

基线 (before) 总计:
Top-1: 25
Top-3: 46
Top-5: 55
MFR: 3434.73890
