--- 总体统计 ---
融合后 (now) 总计:
Top-1: 47
Top-3: 85
Top-5: 108
MFR: 138.17493

基线 (before) 总计:
Top-1: 25
Top-3: 46
Top-5: 55
MFR: 3434.73890
