--- 总体统计 ---
融合后 (now) 总计:
Top-1: 44
Top-3: 85
Top-5: 106
MFR: 136.28198

基线 (before) 总计:
Top-1: 25
Top-3: 46
Top-5: 55
MFR: 3434.73890
