--- 总体统计 ---
融合后 (now) 总计:
Top-1: 45
Top-3: 76
Top-5: 92
MFR: 5.47692

基线 (before) 总计:
Top-1: 23
Top-3: 55
Top-5: 75
MFR: 8.02308
