--- 总体统计 ---
融合后 (now) 总计:
Top-1: 31
Top-3: 64
Top-5: 86
MFR: 6.36923

基线 (before) 总计:
Top-1: 23
Top-3: 55
Top-5: 75
MFR: 8.02308
