--- 总体统计 ---
融合后 (now) 总计:
Top-1: 30
Top-3: 62
Top-5: 83
MFR: 6.60769

基线 (before) 总计:
Top-1: 23
Top-3: 55
Top-5: 75
MFR: 8.02308
