--- 总体统计 ---
融合后 (now) 总计:
Top-1: 67
Top-3: 130
Top-5: 162
MFR: 59.59791

基线 (before) 总计:
Top-1: 94
Top-3: 151
Top-5: 174
MFR: 76.28721
