--- 总体统计 ---
融合后 (now) 总计:
Top-1: 61
Top-3: 106
Top-5: 137
MFR: 73.12794

基线 (before) 总计:
Top-1: 94
Top-3: 151
Top-5: 174
MFR: 76.28721
