--- 总体统计 ---
融合后 (now) 总计:
Top-1: 69
Top-3: 129
Top-5: 160
MFR: 62.86945

基线 (before) 总计:
Top-1: 94
Top-3: 151
Top-5: 174
MFR: 76.28721
