--- 总体统计 ---
融合后 (now) 总计:
Top-1: 32
Top-3: 67
Top-5: 85
MFR: 6.03077

基线 (before) 总计:
Top-1: 23
Top-3: 55
Top-5: 75
MFR: 8.02308
